#Accelerometer
accelerometer_noise_density: 0.0005928679556103585
accelerometer_random_walk: 1.9343728437189512e-05

#Gyroscope
gyroscope_noise_density: 1.1139130517065622e-05
gyroscope_random_walk: 1.1954327324940076e-07

rostopic: '/gt_box/cpt7/imu/data_raw' #Make sure this is correct
update_rate: 100.0 #Make sure this is correct

