#Calibration program comments:2024-11-05-20-54-25
camera_matrix:
  cols: 3
  data: [1064.758801366933, 0.0, 954.2326432442721, 0.0, 1065.11247226489, 550.0692469732675,
    0.0, 0.0, 1.0]
  rows: 3
distortion_coefficients:
  cols: 4
  data: [-0.0554056572978501, 0.02053572883940313, -0.0005505000518868143, 8.074845534031136e-06]
  rows: 1
distortion_model: radtan
image_height: 1280
image_width: 1920
projection_matrix:
  cols: 4
  data: [1064.758801366933, 0.0, 954.2326432442721, 0.0, 0.0, 1065.11247226489, 550.0692469732675,
    0.0, 0.0, 0.0, 1.0, 0.0]
  rows: 3
rectification_matrix:
  cols: 3
  data: [1.0, 0.0, 0.0, 0.0, 1.0, 0.0, 0.0, 0.0, 1.0]
  rows: 3
rostopic: /gt_box/zed2i_driver_node/right_raw/image_raw_color
