# Created using 
camera_matrix:
  cols: 3
  data: [1061.718625035199, 0.0, 953.9596793910416, 0.0, 1062.395168315549, 554.2653558995383,
    0.0, 0.0, 1.0]
  rows: 3
camera_name: zed2i_left_camera_optical_frame
distortion_coefficients:
  cols: 4
  data: [-0.05188431064767035, 0.01844333610963792, 0.0005809017649331493, -9.738012245307233e-05]
  rows: 1
distortion_model: radtan
image_height: 1280
image_width: 1920
projection_matrix:
  cols: 4
  data: [1061.718625035199, 0.0, 953.9596793910416, 0.0, 0.0, 1062.395168315549, 554.2653558995383,
    0.0, 0.0, 0.0, 1.0, 0.0]
  rows: 3
rectification_matrix:
  cols: 3
  data: [1.0, 0.0, 0.0, 0.0, 1.0, 0.0, 0.0, 0.0, 1.0]
  rows: 3
