# Created using
camera_matrix:
  cols: 3
  data: [1061.740573234219, 0.0, 953.9096380470181, 0.0, 1062.408051107584, 554.1277931949547,
    0.0, 0.0, 1.0]
  rows: 3
camera_name: zed2i_left_camera_optical_frame
distortion_coefficients:
  cols: 4
  data: [-0.05181857036158625, 0.01837924564205111, 0.000560171411067156, -0.0001044606074266749]
  rows: 1
distortion_model: radtan
image_height: 1080
image_width: 1920
projection_matrix:
  cols: 4
  data: [1061.740573234219, 0.0, 953.9096380470181, 0.0, 0.0, 1062.408051107584, 554.1277931949547,
    0.0, 0.0, 0.0, 1.0, 0.0]
  rows: 3
rectification_matrix:
  cols: 3
  data: [1.0, 0.0, 0.0, 0.0, 1.0, 0.0, 0.0, 0.0, 1.0]
  rows: 3
