#Calibration program comments:2024-11-05-20-54-25
camera_matrix:
  cols: 3
  data: [1062.608555694872, 0.0, 954.4160618486834, 0.0, 1063.055538517743, 550.8208700531751,
    0.0, 0.0, 1.0]
  rows: 3
distortion_coefficients:
  cols: 4
  data: [-0.04930313065475348, 0.01397897619824653, 3.383928963659603e-05, 0.0005112479686373309]
  rows: 1
distortion_model: radtan
image_height: 1280
image_width: 1920
projection_matrix:
  cols: 4
  data: [1062.608555694872, 0.0, 954.4160618486834, 0.0, 0.0, 1063.055538517743, 550.8208700531751,
    0.0, 0.0, 0.0, 1.0, 0.0]
  rows: 3
rectification_matrix:
  cols: 3
  data: [1.0, 0.0, 0.0, 0.0, 1.0, 0.0, 0.0, 0.0, 1.0]
  rows: 3
rostopic: /gt_box/zed2i_driver_node/left_raw/image_raw_color
