# Created using 
camera_matrix:
  cols: 3
  data: [1061.564494160665, 0.0, 954.7187652702173, 0.0, 1062.514514351718, 551.8916947859017,
    0.0, 0.0, 1.0]
  rows: 3
camera_name: zed2i_right_camera_optical_frame
distortion_coefficients:
  cols: 4
  data: [-0.05270490201887633, 0.01958353210072089, 1.232285966101087e-05, -0.0001750751863060589]
  rows: 1
distortion_model: radtan
image_height: 1280
image_width: 1920
projection_matrix:
  cols: 4
  data: [1061.564494160665, 0.0, 954.7187652702173, 0.0, 0.0, 1062.514514351718, 551.8916947859017,
    0.0, 0.0, 0.0, 1.0, 0.0]
  rows: 3
rectification_matrix:
  cols: 3
  data: [1.0, 0.0, 0.0, 0.0, 1.0, 0.0, 0.0, 0.0, 1.0]
  rows: 3
