#Calibration program comments:2024-11-05-20-54-25
camera_matrix:
  cols: 3
  data: [1063.605596325285, 0.0, 953.8224635581666, 0.0, 1063.603117155763, 550.850823573972,
    0.0, 0.0, 1.0]
  rows: 3
distortion_coefficients:
  cols: 4
  data: [-0.05106772549685038, 0.0139219600477449, -0.0003754683414205409, 0.0003649684448700636]
  rows: 1
distortion_model: radtan
image_height: 1280
image_width: 1920
projection_matrix:
  cols: 4
  data: [1063.605596325285, 0.0, 953.8224635581666, 0.0, 0.0, 1063.603117155763, 550.850823573972,
    0.0, 0.0, 0.0, 1.0, 0.0]
  rows: 3
rectification_matrix:
  cols: 3
  data: [1.0, 0.0, 0.0, 0.0, 1.0, 0.0, 0.0, 0.0, 1.0]
  rows: 3
rostopic: /gt_box/zed2i_driver_node/left_raw/image_raw_color
