image_width: 1920
image_height: 1080
camera_name: zed_right
camera_matrix:
  rows: 3
  cols: 3
  data: [699.3179471959317, 0.0, 960, 0.0, 697.5709250111197, 540, 0.0, 0.0, 1.0]
distortion_model: equidistant
distortion_coefficients:
  rows: 1
  cols: 4
  data: [-0.0480472823273197, 0.012474686401591797, -0.01018792844315705, 0.002133696989290615]
rectification_matrix:
  rows: 3
  cols: 3
  data: [1.0, 0.0, 0.0, 0.0, 1.0, 0.0, 0.0, 0.0, 1.0]
projection_matrix:
  rows: 3
  cols: 4
  data: [699.3179471959317, 0.0, 960, 0.0, 0.0, 697.5709250111197, 540, 0.0, 0.0, 1.0, 0.0]
