#Generated with data of ROS time: 2024-11-17 23:06:46.121556063 
cam0:
  intrinsics: [653.1000201510226, 653.8576927973911, 747.3414548180986, 542.5874056531841]
  resolution: [1440, 1080]
  distortion_model: equidistant
  T_bundle_camera:
    - [1, 0, 0, 0]
    - [0, 1, 0, 1.214306433183765e-17]
    - [0, 0, 1, -5.551115123125783e-17]
    - [0, 0, 0, 1]
  rostopic: /gt_box/alphasense_driver_node/cam1
  distortion_coeffs: [-0.09312647409723041, 0.2942071562026886, -0.3403797232618153, 0.05853965365104083]
cam1:
  intrinsics: [657.8881971115138, 655.8036788305124, 733.8434149535875, 549.8430008537824]
  resolution: [1440, 1080]
  distortion_model: equidistant
  T_bundle_camera:
    - [0.9999935136192531, 0.003328648282317248, -0.001375797962524058, -0.0551802904964161]
    - [-0.003326828952264489, 0.9999935914994983, 0.001322561551477419, -0.00128085653103486]
    - [0.001380191487958709, -0.001317975928345443, 0.9999981790037967, -0.0005097051019628992]
    - [0, 0, 0, 1]
  rostopic: /gt_box/alphasense_driver_node/cam2
  distortion_coeffs: [-0.1326525943866128, 0.4839477656890911, -0.692260681911275, 0.1798755370136109]
cam2:
  intrinsics: [10.4878982604103, -10.41893988505397, 815.087032905045, 443.317205555331]
  resolution: [1440, 1080]
  distortion_model: equidistant
  T_bundle_camera:
    - [0.9998537844880657, -0.01708577159655839, 0.0006971756184744703, 0.05530576377218068]
    - [0.01708525041077071, 0.9998537575619653, 0.0007467982460049315, 0.0003129050497772663]
    - [-0.0007098332860722367, -0.0007347776324951599, 0.9999994781191321, 2.8029725606929e-05]
    - [0, 0, 0, 1]
  rostopic: /gt_box/alphasense_driver_node/cam3
  distortion_coeffs: [-1.143295179566346, 2.779379771555023, -0.5499505716251997, 0.4143174119893105]
cam3:
  intrinsics: [699.9009769846375, 699.97830848032, 707.4339968730018, 524.6573172726385]
  resolution: [1440, 1080]
  distortion_model: equidistant
  T_bundle_camera:
    - [0.004491486004606527, -0.1634515954637117, 0.986541130665031, 0.1027760110132825]
    - [0.1695000497778596, -0.9721511344536004, -0.1618391328013132, -0.01185405817658139]
    - [0.9855199438259855, 0.1679456689556034, 0.02333865035260907, -0.06795597193196336]
    - [0, 0, 0, 1]
  rostopic: /gt_box/alphasense_driver_node/cam4
  distortion_coeffs: [-0.03570412886568466, -0.01146195954145682, 0.01052423965798831, -0.003758048076511013]
cam4:
  intrinsics: [698.2127010470355, 698.0112950267592, 690.8838700455492, 526.8941342772863]
  resolution: [1440, 1080]
  distortion_model: equidistant
  T_bundle_camera:
    - [-0.004569398394279441, -0.1889392662378435, -0.9819781434796906, -0.1029472033280969]
    - [0.1600244405376981, 0.9691951381655061, -0.1872243642984065, -0.0138030902450006]
    - [0.9871024764576934, -0.1579960057401801, 0.02580626166723715, -0.06773204451441744]
    - [0, 0, 0, 1]
  rostopic: /gt_box/alphasense_driver_node/cam5
  distortion_coeffs: [-0.03946270390313153, 0.0006176457946188308, -0.001470857524915949, 0.0001217080209412438]
cam5:
  intrinsics: [985.0029780206816, 983.1677379831035, 951.2574929288654, 637.0106331839615]
  resolution: [1920, 1280]
  distortion_model: equidistant
  T_bundle_camera:
    - [-0.9999762044278094, 0.003448762642139373, -0.005974664374681757, -0.0004317665062718096]
    - [-0.004429376889316852, -0.9849469356358074, 0.1728002158621487, -0.03406260620994009]
    - [-0.005288780438276226, 0.1728225680224403, 0.9849387741294403, 0.006600347759186874]
    - [0, 0, 0, 1]
  rostopic: /gt_box/hdr_front/image_raw
  distortion_coeffs: [-0.06797149654988205, -0.02169270837791445, 0.09007048686876916, -0.08439077889157037]
cam6:
  intrinsics: [988.9032668287883, 988.8389268301031, 943.7610293419009, 637.9507018827538]
  resolution: [1920, 1280]
  distortion_model: equidistant
  T_bundle_camera:
    - [0.1731355067563373, 0.01823193069161486, 0.9847292485772333, 0.1039628418856186]
    - [0.1748233955086736, -0.9845203369186989, -0.01250945947311791, -0.046330113810259]
    - [0.9692578999848515, 0.1743195424981027, -0.1736427954745258, -0.06778651498810374]
    - [0, 0, 0, 1]
  rostopic: /gt_box/hdr_left/image_raw
  distortion_coeffs: [-0.06032840433344838, -0.0002366168999947844, 0.001647358267562969, -0.0008027475861239494]
cam7:
  intrinsics: [984.8090864251797, 984.5533102739237, 948.0326079931228, 636.7121181864717]
  resolution: [1920, 1280]
  distortion_model: equidistant
  T_bundle_camera:
    - [0.1747255378077739, 0.007246750042052177, -0.9845905093243649, -0.1036266390168784]
    - [-0.1652438995826785, -0.9855741928656909, -0.03657819033046113, -0.0479709934765629]
    - [-0.9706520695328958, 0.1690887192303785, -0.1710074996616708, -0.06798262742658699]
    - [0, 0, 0, 1]
  rostopic: /gt_box/hdr_right/image_raw
  distortion_coeffs: [-0.05944588809639628, 0.002099898204538727, -0.001404527973232062, 0.000335312479820808]
cam8:
  intrinsics: [1058.46843698039, 1056.328763514805, 942.4233802043321, 548.0381846958131]
  resolution: [1920, 1280]
  distortion_model: radtan
  T_bundle_camera:
    - [0.9999215681147087, -0.0121722212632401, -0.002948668943933779, -0.05860914968743371]
    - [0.01217580369146877, 0.9999251520522738, 0.001200040709321575, -0.07494782193721314]
    - [0.002933841081076044, -0.001235849002078785, 0.9999949326140383, 0.02058089561875001]
    - [0, 0, 0, 1]
  rostopic: /gt_box/zed2i_driver_node/left_raw/image_raw_color
  distortion_coeffs: [-0.09421589466587729, 0.06880520168022201, -0.001461175657163365, -0.0002311730789759738]
cam9:
  intrinsics: [1057.778680397456, 1057.829441750437, 939.8051206068203, 546.2881700418985]
  resolution: [1920, 1280]
  distortion_model: radtan
  T_bundle_camera:
    - [0.9999419272590334, -0.009744729975530936, -0.004602428401830739, 0.06127172817250662]
    - [0.009743110990387971, 0.9999524648045018, -0.0003740583250725232, -0.07388537874699955]
    - [0.004605854721869822, 0.000329194631735954, 0.9999893388097573, 0.0215899120395959]
    - [0, 0, 0, 1]
  rostopic: /gt_box/zed2i_driver_node/right_raw/image_raw_color
  distortion_coeffs: [-0.05818725675964469, -0.03169975566257893, -0.004852421000685789, -0.001431358957598298]