cam0:
  intrinsics:
    - 700.650073228541
    - 700.4750086945457
    - 756.5124889007354
    - 556.1420162050858
  resolution:
    - 1440
    - 1080
  distortion_model: equidistant
  T_bundle_camera:
    -
      - 1
      - 0
      - 0
      - 0
    -
      - 0
      - 1
      - 0
      - 1.214306433183765e-17
    -
      - 0
      - 0
      - 1
      - -5.551115123125783e-17
    -
      - 0
      - 0
      - 0
      - 1
  rostopic: /gt_box/alphasense_driver_node/cam1
  distortion_coeffs:
    - -0.03738442817706609
    - -0.006774113720122953
    - 0.006366368490133854
    - -0.002667974108643539
cam1:
  intrinsics:
    - 702.4739905436351
    - 701.625441298077
    - 763.1744890664024
    - 544.3852561679537
  resolution:
    - 1440
    - 1080
  distortion_model: equidistant
  T_bundle_camera:
    -
      - 0.9999935141064955
      - 0.003328566755676444
      - -0.001375641048823118
      - -0.05518025118890646
    -
      - -0.003326747968209337
      - 0.9999935920906875
      - 0.001322318236861756
      - -0.001280723917032689
    -
      - 0.001380033658363673
      - -0.001317733249382335
      - 0.9999981795414357
      - -0.0005096339339966026
    -
      - 0
      - 0
      - 0
      - 1
  rostopic: /gt_box/alphasense_driver_node/cam2
  distortion_coeffs:
    - -0.04508774438107121
    - 0.01470793507156738
    - -0.01531660919452327
    - 0.004540048488685132
cam2:
  intrinsics:
    - 702.2348767359344
    - 700.8462404547855
    - 758.2743125957674
    - 541.4239416354555
  resolution:
    - 1440
    - 1080
  distortion_model: equidistant
  T_bundle_camera:
    -
      - 0.9998537833605324
      - -0.01708588191848657
      - 0.0006960881388915428
      - 0.05530550038404347
    -
      - 0.01708536317284972
      - 0.9998537573619245
      - 0.0007444827019874703
      - 0.0003125025593117611
    -
      - -0.0007087064846622919
      - -0.0007324809275753688
      - 0.9999994806032698
      - 2.542046479051877e-05
    -
      - 0
      - 0
      - 0
      - 1
  rostopic: /gt_box/alphasense_driver_node/cam3
  distortion_coeffs:
    - -0.03744230133877545
    - -0.00489436414271844
    - 0.004792135965204773
    - -0.002210839821643655
cam3:
  intrinsics:
    - 699.8976481534078
    - 699.9750363586635
    - 707.4335580851194
    - 524.6574164570173
  resolution:
    - 1440
    - 1080
  distortion_model: equidistant
  T_bundle_camera:
    -
      - 0.004493672830496399
      - -0.1634505256509715
      - 0.9865412979540764
      - 0.1027764619072666
    -
      - 0.1695026941399317
      - -0.9721507981794364
      - -0.1618383832049422
      - -0.01185553527925
    -
      - 0.9855194790483837
      - 0.1679486566290606
      - 0.02333677682750335
      - -0.06795561873755702
    -
      - 0
      - 0
      - 0
      - 1
  rostopic: /gt_box/alphasense_driver_node/cam4
  distortion_coeffs:
    - -0.03566935270346812
    - -0.01154764624621796
    - 0.01060583527328486
    - -0.003784382753538131
cam4:
  intrinsics:
    - 698.2164833415727
    - 698.015169320759
    - 690.8837746210404
    - 526.8938581467784
  resolution:
    - 1440
    - 1080
  distortion_model: equidistant
  T_bundle_camera:
    -
      - -0.00455483199308222
      - -0.1889396002921482
      - -0.9819781468785128
      - -0.1029526071128776
    -
      - 0.1600274050386879
      - 0.9691950444987828
      - -0.1872223153248196
      - -0.01380532390650994
    -
      - 0.9871020631839945
      - -0.1579961808413283
      - 0.02582099334757957
      - -0.0677375360917494
    -
      - 0
      - 0
      - 0
      - 1
  rostopic: /gt_box/alphasense_driver_node/cam5
  distortion_coeffs:
    - -0.03951300714507051
    - 0.000754904227179476
    - -0.001610947776631434
    - 0.0001694054549772181
cam5:
  intrinsics:
    - 985.4988959683003
    - 985.0345259264463
    - 951.7951540236219
    - 638.1277851270817
  resolution:
    - 1920
    - 1280
  distortion_model: equidistant
  T_bundle_camera:
    -
      - -0.9999762122927908
      - 0.003449689323533493
      - -0.005972812748996601
      - -0.000432472846459233
    -
      - -0.004429964555801711
      - -0.9849470988444798
      - 0.1727992705189371
      - -0.03406222995452049
    -
      - -0.00528680079044197
      - 0.1728216193692606
      - 0.9849389512127077
      - 0.006601840612524372
    -
      - 0
      - 0
      - 0
      - 1
  rostopic: /gt_box/hdr_front/image_raw
  distortion_coeffs:
    - -0.06128735464895962
    - 0.002519967603128942
    - -0.0004234411942808983
    - -0.0001813813666992007
cam6:
  intrinsics:
    - 988.8923536280431
    - 988.8293478212719
    - 943.7591054418368
    - 637.9515648497323
  resolution:
    - 1920
    - 1280
  distortion_model: equidistant
  T_bundle_camera:
    -
      - 0.1731302415447098
      - 0.01824111477346678
      - 0.9847300042115562
      - 0.1039701154846625
    -
      - 0.1748300882924083
      - -0.9845192618671597
      - -0.01250052959724315
      - -0.04633758805476608
    -
      - 0.9692576332896939
      - 0.1743246532890975
      - -0.1736391533188779
      - -0.06778968375743852
    -
      - 0
      - 0
      - 0
      - 1
  rostopic: /gt_box/hdr_left/image_raw
  distortion_coeffs:
    - -0.06030703659094235
    - -0.0002728912741566892
    - 0.001678775877231945
    - -0.0008128418589014036
cam7:
  intrinsics:
    - 984.8108765606984
    - 984.5548499772358
    - 948.0299833389848
    - 636.7107836495178
  resolution:
    - 1920
    - 1280
  distortion_model: equidistant
  T_bundle_camera:
    -
      - 0.1747310027885114
      - 0.007235227323488257
      - -0.9845896242344314
      - -0.10363041171739
    -
      - -0.165244559285875
      - -0.9855744705980231
      - -0.03656772527576142
      - -0.0479747256659473
    -
      - -0.9706509734662292
      - 0.1690875938411924
      - -0.1710148336199458
      - -0.06797468508337944
    -
      - 0
      - 0
      - 0
      - 1
  rostopic: /gt_box/hdr_right/image_raw
  distortion_coeffs:
    - -0.05944980037681266
    - 0.002111754315245929
    - -0.001421318966531935
    - 0.0003427352632816218
cam8:
  intrinsics:
    - 1061.740573234219
    - 1062.408051107583
    - 953.909638047016
    - 554.1277931949535
  resolution:
    - 1920
    - 1080
  distortion_model: radtan
  T_bundle_camera:
    -
      - 0.9999216609808423
      - -0.01216624043951836
      - -0.002941852287398496
      - -0.05864278106574621
    -
      - 0.01216952924985167
      - 0.9999253405912942
      - 0.001102633765654274
      - -0.07496833452646695
    -
      - 0.002928217742936537
      - -0.001138348343866821
      - 0.9999950648397711
      - 0.02056786384299382
    -
      - 0
      - 0
      - 0
      - 1
  rostopic: /gt_box/zed2i_driver_node/left_raw/image_raw_gray
  distortion_coeffs:
    - -0.05181857036158593
    - 0.01837924564205067
    - 0.0005601714110669518
    - -0.0001044606074270029
cam9:
  intrinsics:
    - 1061.619434370338
    - 1062.564034642898
    - 954.7316952422152
    - 551.8137916747989
  resolution:
    - 1920
    - 1080
  distortion_model: radtan
  T_bundle_camera:
    -
      - 0.9999421232435041
      - -0.009743514268606826
      - -0.004562246482867311
      - 0.06125103961402525
    -
      - 0.009741664977670299
      - 0.9999524575188384
      - -0.0004273938446914725
      - -0.07389777412478972
    -
      - 0.00456619390037391
      - 0.0003829252317403474
      - 0.9999895015656569
      - 0.0215629625324399
    -
      - 0
      - 0
      - 0
      - 1
  rostopic: /gt_box/zed2i_driver_node/right_raw/image_raw_gray
  distortion_coeffs:
    - -0.05270016318924169
    - 0.01958680970879633
    - 2.182241090972343e-06
    - -0.0001737404573673223
