#1970-01-01-01-00-00 
cam0:
  intrinsics: [700.2910740067139, 699.9935689259586, 683.0860951782827, 524.2214366392063]
  resolution: [1440, 1080]
  distortion_model: equidistant
  T_bundle_camera:
    - [1, 0, 0, 0]
    - [0, 1, 0, 1.214306433183765e-17]
    - [0, 0, 1, -5.551115123125783e-17]
    - [0, 0, 0, 1]
  rostopic: /gt_box/alphasense_driver_node/cam1
  distortion_coeffs: [-0.03953044446037482, -0.00170724988082377, -0.001596374476807686, 0.0008897359112354902]
cam1:
  intrinsics: [700.8205593852646, 700.0037163260145, 676.0551702279237, 535.7504604342605]
  resolution: [1440, 1080]
  distortion_model: equidistant
  T_bundle_camera:
    - [0.9999935050107237, 0.003451367630793619, 0.001038266750379703, 0.0550587307305402]
    - [-0.003449604458945114, 0.9999926132150224, -0.001695212219077417, 0.001156091996301778]
    - [-0.001044109881506718, 0.001691619599080548, 0.9999980241268919, 0.0002161274731740887]
    - [0, 0, 0, 1]
  rostopic: /gt_box/alphasense_driver_node/cam2
  distortion_coeffs: [-0.04493694516427956, 0.01510168300656897, -0.01717744228233584, 0.005579376560976344]
cam2:
  intrinsics: [700.7126449738446, 699.3509532187605, 681.0528762671355, 538.5465710209934]
  resolution: [1440, 1080]
  distortion_model: equidistant
  T_bundle_camera:
    - [0.9998513563667513, -0.01717138227478404, -0.00155203168161807, -0.0551149713989517]
    - [0.0171696853739142, 0.9998519848520067, -0.001100132566321713, -0.0002968144389970567]
    - [0.001570692754268274, 0.00107332114295627, 0.9999981904513606, 0.0008140532534618222]
    - [0, 0, 0, 1]
  rostopic: /gt_box/alphasense_driver_node/cam3
  distortion_coeffs: [-0.03828393340597892, -0.001997544902821391, 0.0007827484829630498, -0.0005425141623131513]
cam3:
  intrinsics: [698.3420740679904, 698.7502677102431, 706.829742170248, 528.2560724071525]
  resolution: [1440, 1080]
  distortion_model: equidistant
  T_bundle_camera:
    - [-0.008158726253097081, 0.1647599567053985, -0.9862999502445299, -0.1030225829592919]
    - [-0.1697000674756317, 0.9717976773500763, 0.1637411414268363, 0.01152789803744277]
    - [0.985461984190508, 0.1687110872569802, 0.02003114454729347, -0.06896008361439078]
    - [0, 0, 0, 1]
  rostopic: /gt_box/alphasense_driver_node/cam4
  distortion_coeffs: [-0.03414194117623519, -0.01437048128170521, 0.01226322446454338, -0.003837716377000324]
cam4:
  intrinsics: [696.9484361655182, 697.4169229575292, 748.5657967496708, 553.8910434414657]
  resolution: [1440, 1080]
  distortion_model: equidistant
  T_bundle_camera:
    - [-0.004281299578024186, -0.1898443111179376, 0.9818048726758689, 0.1030026404878248]
    - [0.1618732554758401, 0.9687334658549326, 0.1880226616510468, 0.01438523200215283]
    - [-0.9868022697762592, 0.1597329323240711, 0.02658327849564617, -0.06789095483540436]
    - [0, 0, 0, 1]
  rostopic: /gt_box/alphasense_driver_node/cam5
  distortion_coeffs: [-0.03950946478763725, -0.002267156449590409, 0.002203609176878187, -0.001111794725465378]
cam5:
  intrinsics: [982.1520315042466, 981.5031972617863, 951.5487303479607, 640.2992896909448]
  resolution: [1920, 1280]
  distortion_model: equidistant
  T_bundle_camera:
    - [0.9999792019991455, -0.003964767207931456, 0.005086864470311756, 0.0001697040568596291]
    - [0.004781985922239182, 0.9850331724681002, -0.1722985250896525, 0.0339168782291106]
    - [-0.004327606704856041, 0.1723192669390658, 0.9850316452083107, 0.007350889281542199]
    - [0, 0, 0, 1]
  rostopic: /gt_box/hdr_front/image_raw
  distortion_coeffs: [-0.05740811854982408, -0.000779292558694014, 0.000175024576592297, -2.837801101063392e-05]
cam6:
  intrinsics: [986.3144279377907, 986.5331497724179, 942.855124102935, 639.9312311934946]
  resolution: [1920, 1280]
  distortion_model: equidistant
  T_bundle_camera:
    - [-0.1768247030532373, -0.01619948773038727, -0.9841090391757449, -0.1042356015685429]
    - [-0.1750223081171908, 0.9844464656304998, 0.01524296457217198, 0.04598881471233904]
    - [0.9685557371940273, 0.1749363681596551, -0.1769097256898106, -0.069210048892322]
    - [0, 0, 0, 1]
  rostopic: /gt_box/hdr_left/image_raw
  distortion_coeffs: [-0.06234688552494653, 0.01086116660181986, -0.01142636163564962, 0.003852709951080017]
cam7:
  intrinsics: [985.2018965119286, 985.4884495592344, 946.4525515022494, 637.5673735182136]
  resolution: [1920, 1280]
  distortion_model: equidistant
  T_bundle_camera:
    - [-0.1734504851996399, -0.007367531508924662, 0.9848150327160298, 0.1020729053550851]
    - [0.1662683705814424, 0.9853989920175689, 0.03665590641290093, 0.04782630724540814]
    - [-0.9707058041076101, 0.1701015755665543, -0.1696929458214871, -0.06839750198540123]
    - [0, 0, 0, 1]
  rostopic: /gt_box/hdr_right/image_raw
  distortion_coeffs: [-0.06151067242527956, 0.004675792020512961, -0.002624125415530365, 0.0004777092999161656]
cam8:
  intrinsics: [1062.147067364421, 1062.536153386177, 953.6510418998683, 550.5943399139828]
  resolution: [1920, 1280]
  distortion_model: radtan
  T_bundle_camera:
    - [-0.9999279128597293, 0.01198822361691371, 0.0006719959051053861, 0.05928583526136701]
    - [-0.01198815675419515, -0.9999281341166845, 0.00010343869053996, 0.07527548514647694]
    - [0.000673187657678915, 9.537524169198499e-05, 0.9999997688609437, 0.01982969064240182]
    - [0, 0, 0, 1]
  rostopic: /gt_box/zed2i_driver_node/left_raw/image_raw_color
  distortion_coeffs: [-0.04954591950380947, 0.01421127204909236, 4.058264760333229e-05, 0.0004149283096752056]
cam9:
  intrinsics: [1064.392218304457, 1064.733063350149, 954.2292037941206, 549.6606378414772]
  resolution: [1920, 1280]
  distortion_model: radtan
  T_bundle_camera:
    - [-0.9999479103785565, 0.0098596712926226, 0.002638827686653085, -0.06072272683349181]
    - [-0.009857003009284725, -0.9999508960271103, 0.001022265256267634, 0.07393805540578977]
    - [0.002648777309130567, 0.0009962010744090967, 0.9999959957730761, 0.02005577002887434]
    - [0, 0, 0, 1]
  rostopic: /gt_box/zed2i_driver_node/right_raw/image_raw_color
  distortion_coeffs: [-0.05541937553952996, 0.02069995637039885, -0.0005332149613023123, 0.0001136412060315606]