#Generated with data of ROS time: 2024-10-28 16:24:52.418718116 
cam0:
  intrinsics: [700.7267969572875, 700.4517488700081, 756.098785990013, 555.8649050975047]
  resolution: [1440, 1080]
  distortion_model: equidistant
  T_bundle_camera:
    - [1, 0, 0, 0]
    - [0, 1, 0, 1.214306433183765e-17]
    - [0, 0, 1, -5.551115123125783e-17]
    - [0, 0, 0, 1]
  rostopic: /gt_box/alphasense_driver_node/cam1
  distortion_coeffs: [-0.03762940641772983, -0.006889563304254818, 0.006133244485661788, -0.002540926942384736]
cam1:
  intrinsics: [702.9657527112677, 702.1867930359738, 762.6483078958148, 544.4099806157117]
  resolution: [1440, 1080]
  distortion_model: equidistant
  T_bundle_camera:
    - [0.999993657828854, 0.003303525629558866, -0.00133079693553649, -0.05556691401662173]
    - [-0.003301696157041796, 0.9999936046473819, 0.001374578779856031, -0.001096477409535253]
    - [0.001335329380849926, -0.001370176174914292, 0.9999981697546723, -0.00174227287843754]
    - [0, 0, 0, 1]
  rostopic: /gt_box/alphasense_driver_node/cam2
  distortion_coeffs: [-0.04386095856573152, 0.009090049509469291, -0.01007335506257073, 0.002890884962026466]
cam2:
  intrinsics: [704.1398517213237, 703.1217886432557, 757.4644555127444, 541.7060037749859]
  resolution: [1440, 1080]
  distortion_model: equidistant
  T_bundle_camera:
    - [0.9998489174129332, -0.01735992257154823, 0.0008805887208746936, 0.05467610989796463]
    - [0.01735934210813766, 0.9998490957205974, 0.0006625920887596741, 0.001272696121499005]
    - [-0.0008919583836257084, -0.0006472055417705031, 0.99999939276743, -0.00331293525278212]
    - [0, 0, 0, 1]
  rostopic: /gt_box/alphasense_driver_node/cam3
  distortion_coeffs: [-0.03999139766008639, -0.004618594944622123, 0.005847271842453782, -0.002719008021416677]
cam3:
  intrinsics: [699.9749475197593, 700.5758615806336, 705.8907525577514, 525.7409316825913]
  resolution: [1440, 1080]
  distortion_model: equidistant
  T_bundle_camera:
    - [0.01522128399388706, -0.1634654957487252, 0.9864316216612284, 0.09319251300038003]
    - [0.1546958942177261, -0.9742822415620965, -0.1638392324472824, 0.003353031332347227]
    - [0.9878448728549213, 0.155090765283946, 0.01045761434957537, -0.05375324568739114]
    - [0, 0, 0, 1]
  rostopic: /gt_box/alphasense_driver_node/cam4
  distortion_coeffs: [-0.03661553926626506, -0.008879104503488023, 0.007768182907434824, -0.002753523844743914]
cam4:
  intrinsics: [699.2786808369784, 700.2402051163116, 688.5540649107835, 524.8485708363246]
  resolution: [1440, 1080]
  distortion_model: equidistant
  T_bundle_camera:
    - [-0.002670760994438804, -0.1919941633472471, -0.9813924333702094, -0.0989415817955072]
    - [0.1607821382051788, 0.9685453582179648, -0.189918385388579, -0.01514696468744724]
    - [0.9869863074378901, -0.1582976004714683, 0.0282824789418115, -0.07087627591815256]
    - [0, 0, 0, 1]
  rostopic: /gt_box/alphasense_driver_node/cam5
  distortion_coeffs: [-0.03803131924950736, -0.001167001582116368, -0.002049898668154194, 0.0008690886704637791]
cam5:
  intrinsics: [978.6910389084152, 977.9310486999333, 951.3070466907352, 639.4263468086594]
  resolution: [1920, 1280]
  distortion_model: equidistant
  T_bundle_camera:
    - [-0.9999801758386714, 0.004165026235274575, -0.004722339051690704, -0.001560132781919712]
    - [-0.00491968635302817, -0.9848897182566736, 0.1731127943234634, -0.03434108244744691]
    - [-0.003929963848113229, 0.1731325949344877, 0.9848906842667378, 0.0126127822466844]
    - [0, 0, 0, 1]
  rostopic: /gt_box/hdr_front/image_raw
  distortion_coeffs: [-0.05536663847834961, -0.004244549841641817, 0.003852888175024692, -0.001244466147223878]
cam6:
  intrinsics: [985.2018316419985, 986.3411807220357, 941.8097004278521, 637.2006858083398]
  resolution: [1920, 1280]
  distortion_model: equidistant
  T_bundle_camera:
    - [0.1817924578701788, 0.01843268323301905, 0.9831641462392486, 0.09583776504290847]
    - [0.1601600458620621, -0.9870285417824505, -0.01110933914648911, -0.03048646577559569]
    - [0.9702062986658979, 0.1594832088203668, -0.1823865239906115, -0.05609802095231618]
    - [0, 0, 0, 1]
  rostopic: /gt_box/hdr_left/image_raw
  distortion_coeffs: [-0.05747141602145892, -0.001939165340605117, 0.002126987553247013, -0.000788374650195969]
cam7:
  intrinsics: [983.0821328638734, 984.29157369667, 946.0973521399868, 635.006480846662]
  resolution: [1920, 1280]
  distortion_model: equidistant
  T_bundle_camera:
    - [0.1737102934426587, 0.006198331432480278, -0.984777291898792, -0.101537613545782]
    - [-0.166698062295398, -0.9853648615765591, -0.0356068195317723, -0.04781793912541437]
    - [-0.9705856427843063, 0.1703457374214621, -0.1701347694132898, -0.06854386947255564]
    - [0, 0, 0, 1]
  rostopic: /gt_box/hdr_right/image_raw
  distortion_coeffs: [-0.06188579393412225, 0.01092232108943023, -0.01082384521140102, 0.003559060914112136]
cam8:
  intrinsics: [1061.693205419661, 1062.002889591285, 952.6797813665218, 557.8137392433791]
  resolution: [1920, 1280]
  distortion_model: radtan
  T_bundle_camera:
    - [0.999920601847354, -0.01241344408437097, -0.0021671195605252, -0.05996725417033828]
    - [0.01241604855016752, 0.9999222067898336, 0.001192521257308104, -0.07078995107599866]
    - [0.002152147677390754, -0.001219333635000781, 0.9999969407382511, 0.02376099701095484]
    - [0, 0, 0, 1]
  rostopic: /gt_box/zed2i_driver_node/left_raw/image_raw_color
  distortion_coeffs: [-0.05816811651499677, 0.02257867189156126, 0.00156797714977258, -0.0002654830813002352]
cam9:
  intrinsics: [1052.626306049513, 1053.788622285902, 951.1738182732572, 558.9855079666435]
  resolution: [1920, 1280]
  distortion_model: radtan
  T_bundle_camera:
    - [0.9999391335218959, -0.0098160514977746, -0.005037299323370079, 0.05858761255191266]
    - [0.009825065043890626, 0.9999501703461853, 0.001767744754874749, -0.06873438709977166]
    - [0.005019696042939862, -0.00181712895197499, 0.9999857502454763, 0.03323298769208765]
    - [0, 0, 0, 1]
  rostopic: /gt_box/zed2i_driver_node/right_raw/image_raw_color
  distortion_coeffs: [-0.05323709185826483, 0.01645786789540812, 0.001309880155935296, -0.0008066612689183537]