# Created using 
camera_matrix:
  cols: 3
  data: [700.650073228541, 0.0, 756.5124889007354, 0.0, 700.4750086945457, 556.1420162050858,
    0.0, 0.0, 1.0]
  rows: 3
camera_name: cam1_sensor_frame
distortion_coefficients:
  cols: 4
  data: [-0.03738442817706632, -0.006774113720122332, 0.006366368490133227, -0.002667974108643327]
  rows: 1
distortion_model: equidistant
image_height: 1080
image_width: 1440
projection_matrix:
  cols: 4
  data: [700.650073228541, 0.0, 756.5124889007354, 0.0, 0.0, 700.4750086945457, 556.1420162050858,
    0.0, 0.0, 0.0, 1.0, 0.0]
  rows: 3
rectification_matrix:
  cols: 3
  data: [1.0, 0.0, 0.0, 0.0, 1.0, 0.0, 0.0, 0.0, 1.0]
  rows: 3
