#Calibration program comments:#Generated with data of ROS time: 2024-11-10 20:28:04.856192133
camera_matrix:
  cols: 3
  data: [698.4603880996106, 0.0, 756.362731036159, 0.0, 698.5001485475685, 555.9743820527079,
    0.0, 0.0, 1.0]
  rows: 3
distortion_coefficients:
  cols: 4
  data: [-0.03687755026708886, -0.005178671983344871, 0.002996984620063019, -0.0009785982403726354]
  rows: 1
distortion_model: equidistant
image_height: 1080
image_width: 1440
projection_matrix:
  cols: 4
  data: [698.4603880996106, 0.0, 756.362731036159, 0.0, 0.0, 698.5001485475685, 555.9743820527079,
    0.0, 0.0, 0.0, 1.0, 0.0]
  rows: 3
rectification_matrix:
  cols: 3
  data: [1.0, 0.0, 0.0, 0.0, 1.0, 0.0, 0.0, 0.0, 1.0]
  rows: 3
rostopic: /gt_box/alphasense_driver_node/cam1
