# Created using 
camera_matrix:
  cols: 3
  data: [700.6512811598237, 0.0, 756.5124331276594, 0.0, 700.4762153007572, 556.1420040326701,
    0.0, 0.0, 1.0]
  rows: 3
camera_name: cam1_sensor_frame
distortion_coefficients:
  cols: 4
  data: [-0.03739677968839148, -0.0067434198368627, 0.006337002943966249, -0.002658471748273983]
  rows: 1
distortion_model: equidistant
image_height: 1080
image_width: 1440
projection_matrix:
  cols: 4
  data: [700.6512811598237, 0.0, 756.5124331276594, 0.0, 0.0, 700.4762153007572, 556.1420040326701,
    0.0, 0.0, 0.0, 1.0, 0.0]
  rows: 3
rectification_matrix:
  cols: 3
  data: [1.0, 0.0, 0.0, 0.0, 1.0, 0.0, 0.0, 0.0, 1.0]
  rows: 3
