#Calibration program comments:2024-11-05-20-54-25
camera_matrix:
  cols: 3
  data: [700.7428965963176, 0.0, 683.1131876300398, 0.0, 700.420119071568, 524.3128086985319,
    0.0, 0.0, 1.0]
  rows: 3
distortion_coefficients:
  cols: 4
  data: [-0.04198285247616194, 0.005905257502206584, -0.00927533086771161, 0.003422474871788779]
  rows: 1
distortion_model: equidistant
image_height: 1080
image_width: 1440
projection_matrix:
  cols: 4
  data: [700.7428965963176, 0.0, 683.1131876300398, 0.0, 0.0, 700.420119071568, 524.3128086985319,
    0.0, 0.0, 0.0, 1.0, 0.0]
  rows: 3
rectification_matrix:
  cols: 3
  data: [1.0, 0.0, 0.0, 0.0, 1.0, 0.0, 0.0, 0.0, 1.0]
  rows: 3
rostopic: /gt_box/alphasense_driver_node/cam1
