#Calibration program comments:2024-11-05-20-54-25
camera_matrix:
  cols: 3
  data: [700.0424172787523, 0.0, 755.9763702695136, 0.0, 699.7864719647054, 555.0699048600676,
    0.0, 0.0, 1.0]
  rows: 3
distortion_coefficients:
  cols: 4
  data: [-0.03819779774863231, -0.00528189844624198, 0.003883137846370105, -0.001455485831329101]
  rows: 1
distortion_model: equidistant
image_height: 1080
image_width: 1440
projection_matrix:
  cols: 4
  data: [700.0424172787523, 0.0, 755.9763702695136, 0.0, 0.0, 699.7864719647054, 555.0699048600676,
    0.0, 0.0, 0.0, 1.0, 0.0]
  rows: 3
rectification_matrix:
  cols: 3
  data: [1.0, 0.0, 0.0, 0.0, 1.0, 0.0, 0.0, 0.0, 1.0]
  rows: 3
rostopic: /gt_box/alphasense_driver_node/cam1
