#Calibration program comments:2024-11-05-20-54-25
camera_matrix:
  cols: 3
  data: [701.0821868231059, 0.0, 676.3358153168065, 0.0, 700.3453628006826, 535.9300946475561,
    0.0, 0.0, 1.0]
  rows: 3
distortion_coefficients:
  cols: 4
  data: [-0.04548782552627625, 0.01533655129909394, -0.01613873012805943, 0.004884799860357922]
  rows: 1
distortion_model: equidistant
image_height: 1080
image_width: 1440
projection_matrix:
  cols: 4
  data: [701.0821868231059, 0.0, 676.3358153168065, 0.0, 0.0, 700.3453628006826, 535.9300946475561,
    0.0, 0.0, 0.0, 1.0, 0.0]
  rows: 3
rectification_matrix:
  cols: 3
  data: [1.0, 0.0, 0.0, 0.0, 1.0, 0.0, 0.0, 0.0, 1.0]
  rows: 3
rostopic: /gt_box/alphasense_driver_node/cam2
