# Created using 
camera_matrix:
  cols: 3
  data: [702.4739905436351, 0.0, 763.1744890664024, 0.0, 701.6254412980771, 544.3852561679537,
    0.0, 0.0, 1.0]
  rows: 3
camera_name: cam2_sensor_frame
distortion_coefficients:
  cols: 4
  data: [-0.04508774438107203, 0.01470793507156949, -0.01531660919452536, 0.004540048488685834]
  rows: 1
distortion_model: equidistant
image_height: 1080
image_width: 1440
projection_matrix:
  cols: 4
  data: [702.4739905436351, 0.0, 763.1744890664024, 0.0, 0.0, 701.6254412980771, 544.3852561679537,
    0.0, 0.0, 0.0, 1.0, 0.0]
  rows: 3
rectification_matrix:
  cols: 3
  data: [1.0, 0.0, 0.0, 0.0, 1.0, 0.0, 0.0, 0.0, 1.0]
  rows: 3
