#Calibration program comments:#Generated with data of ROS time: 2024-11-10 20:28:04.856192133
camera_matrix:
  cols: 3
  data: [699.5970315184322, 0.0, 763.1446259623062, 0.0, 699.0561819948514, 544.2513124137566,
    0.0, 0.0, 1.0]
  rows: 3
distortion_coefficients:
  cols: 4
  data: [-0.04301741120073271, 0.01250213096826997, -0.01404644304696076, 0.004365176644716377]
  rows: 1
distortion_model: equidistant
image_height: 1080
image_width: 1440
projection_matrix:
  cols: 4
  data: [699.5970315184322, 0.0, 763.1446259623062, 0.0, 0.0, 699.0561819948514, 544.2513124137566,
    0.0, 0.0, 0.0, 1.0, 0.0]
  rows: 3
rectification_matrix:
  cols: 3
  data: [1.0, 0.0, 0.0, 0.0, 1.0, 0.0, 0.0, 0.0, 1.0]
  rows: 3
rostopic: /gt_box/alphasense_driver_node/cam2
