#Calibration program comments:2024-11-05-20-54-25
camera_matrix:
  cols: 3
  data: [701.1285533135617, 0.0, 763.059817251626, 0.0, 700.3900007313825, 543.4960000521908,
    0.0, 0.0, 1.0]
  rows: 3
distortion_coefficients:
  cols: 4
  data: [-0.04490792610825896, 0.01471089684953676, -0.0159363435625133, 0.004900997808408681]
  rows: 1
distortion_model: equidistant
image_height: 1080
image_width: 1440
projection_matrix:
  cols: 4
  data: [701.1285533135617, 0.0, 763.059817251626, 0.0, 0.0, 700.3900007313825, 543.4960000521908,
    0.0, 0.0, 0.0, 1.0, 0.0]
  rows: 3
rectification_matrix:
  cols: 3
  data: [1.0, 0.0, 0.0, 0.0, 1.0, 0.0, 0.0, 0.0, 1.0]
  rows: 3
rostopic: /gt_box/alphasense_driver_node/cam2
