#Calibration program comments:#Generated with data of ROS time: 2024-11-10 20:28:04.856192133
camera_matrix:
  cols: 3
  data: [699.2203828904502, 0.0, 757.8952685689237, 0.0, 698.1898645422948, 541.3141052970248,
    0.0, 0.0, 1.0]
  rows: 3
distortion_coefficients:
  cols: 4
  data: [-0.03634505444562906, -0.004165586499603232, 0.00331609575479094, -0.001549293876604481]
  rows: 1
distortion_model: equidistant
image_height: 1080
image_width: 1440
projection_matrix:
  cols: 4
  data: [699.2203828904502, 0.0, 757.8952685689237, 0.0, 0.0, 698.1898645422948, 541.3141052970248,
    0.0, 0.0, 0.0, 1.0, 0.0]
  rows: 3
rectification_matrix:
  cols: 3
  data: [1.0, 0.0, 0.0, 0.0, 1.0, 0.0, 0.0, 0.0, 1.0]
  rows: 3
rostopic: /gt_box/alphasense_driver_node/cam3
