#Calibration program comments:2024-11-05-20-54-25
camera_matrix:
  cols: 3
  data: [700.6537767770756, 0.0, 758.1901012785572, 0.0, 699.4141523902163, 540.663765224718,
    0.0, 0.0, 1.0]
  rows: 3
distortion_coefficients:
  cols: 4
  data: [-0.03723355434139985, -0.003544065928866376, 0.00237560491010772, -0.001132964875702024]
  rows: 1
distortion_model: equidistant
image_height: 1080
image_width: 1440
projection_matrix:
  cols: 4
  data: [700.6537767770756, 0.0, 758.1901012785572, 0.0, 0.0, 699.4141523902163, 540.663765224718,
    0.0, 0.0, 0.0, 1.0, 0.0]
  rows: 3
rectification_matrix:
  cols: 3
  data: [1.0, 0.0, 0.0, 0.0, 1.0, 0.0, 0.0, 0.0, 1.0]
  rows: 3
rostopic: /gt_box/alphasense_driver_node/cam3
