# Created using 
camera_matrix:
  cols: 3
  data: [702.2304652317938, 0.0, 758.2752158071359, 0.0, 700.8418016215869, 541.4257848035661,
    0.0, 0.0, 1.0]
  rows: 3
camera_name: cam3_sensor_frame
distortion_coefficients:
  cols: 4
  data: [-0.03742776055211713, -0.004921684280563942, 0.004815064416594661, -0.002217640353731962]
  rows: 1
distortion_model: equidistant
image_height: 1080
image_width: 1440
projection_matrix:
  cols: 4
  data: [702.2304652317938, 0.0, 758.2752158071359, 0.0, 0.0, 700.8418016215869, 541.4257848035661,
    0.0, 0.0, 0.0, 1.0, 0.0]
  rows: 3
rectification_matrix:
  cols: 3
  data: [1.0, 0.0, 0.0, 0.0, 1.0, 0.0, 0.0, 0.0, 1.0]
  rows: 3
