#Calibration program comments:2024-11-05-20-54-25
camera_matrix:
  cols: 3
  data: [700.6047246669602, 0.0, 681.2217524998385, 0.0, 699.4478344600294, 538.792758610054,
    0.0, 0.0, 1.0]
  rows: 3
distortion_coefficients:
  cols: 4
  data: [-0.03769248329626166, -0.002717776662193013, 0.001856732653998188, -0.001040577431717799]
  rows: 1
distortion_model: equidistant
image_height: 1080
image_width: 1440
projection_matrix:
  cols: 4
  data: [700.6047246669602, 0.0, 681.2217524998385, 0.0, 0.0, 699.4478344600294, 538.792758610054,
    0.0, 0.0, 0.0, 1.0, 0.0]
  rows: 3
rectification_matrix:
  cols: 3
  data: [1.0, 0.0, 0.0, 0.0, 1.0, 0.0, 0.0, 0.0, 1.0]
  rows: 3
rostopic: /gt_box/alphasense_driver_node/cam3
