# Created using 
camera_matrix:
  cols: 3
  data: [699.9009769846375, 0.0, 707.4339968730018, 0.0, 699.97830848032, 524.6573172726385,
    0.0, 0.0, 1.0]
  rows: 3
camera_name: cam4_sensor_frame
distortion_coefficients:
  cols: 4
  data: [-0.03570412886568466, -0.01146195954145682, 0.01052423965798831, -0.003758048076511013]
  rows: 1
distortion_model: equidistant
image_height: 1080
image_width: 1440
projection_matrix:
  cols: 4
  data: [699.9009769846375, 0.0, 707.4339968730018, 0.0, 0.0, 699.97830848032, 524.6573172726385,
    0.0, 0.0, 0.0, 1.0, 0.0]
  rows: 3
rectification_matrix:
  cols: 3
  data: [1.0, 0.0, 0.0, 0.0, 1.0, 0.0, 0.0, 0.0, 1.0]
  rows: 3
