# Created using 
camera_matrix:
  cols: 3
  data: [699.8976481534079, 0.0, 707.4335580851193, 0.0, 699.9750363586636, 524.6574164570173,
    0.0, 0.0, 1.0]
  rows: 3
camera_name: cam4_sensor_frame
distortion_coefficients:
  cols: 4
  data: [-0.0356693527034698, -0.01154764624621372, 0.01060583527328082, -0.003784382753536833]
  rows: 1
distortion_model: equidistant
image_height: 1080
image_width: 1440
projection_matrix:
  cols: 4
  data: [699.8976481534079, 0.0, 707.4335580851193, 0.0, 0.0, 699.9750363586636, 524.6574164570173,
    0.0, 0.0, 0.0, 1.0, 0.0]
  rows: 3
rectification_matrix:
  cols: 3
  data: [1.0, 0.0, 0.0, 0.0, 1.0, 0.0, 0.0, 0.0, 1.0]
  rows: 3
