#Calibration program comments:2024-11-05-20-54-25
camera_matrix:
  cols: 3
  data: [698.7904724371181, 0.0, 706.7007597630816, 0.0, 699.1985210849239, 529.0510210634799,
    0.0, 0.0, 1.0]
  rows: 3
distortion_coefficients:
  cols: 4
  data: [-0.03610129595252774, -0.01023469078450541, 0.008754300061094407, -0.002838806341000037]
  rows: 1
distortion_model: equidistant
image_height: 1080
image_width: 1440
projection_matrix:
  cols: 4
  data: [698.7904724371181, 0.0, 706.7007597630816, 0.0, 0.0, 699.1985210849239, 529.0510210634799,
    0.0, 0.0, 0.0, 1.0, 0.0]
  rows: 3
rectification_matrix:
  cols: 3
  data: [1.0, 0.0, 0.0, 0.0, 1.0, 0.0, 0.0, 0.0, 1.0]
  rows: 3
rostopic: /gt_box/alphasense_driver_node/cam4
