#Calibration program comments:2024-11-05-20-54-25
camera_matrix:
  cols: 3
  data: [698.228093737448, 0.0, 706.118533127436, 0.0, 698.6923780502711, 528.3779618548812,
    0.0, 0.0, 1.0]
  rows: 3
distortion_coefficients:
  cols: 4
  data: [-0.03616476238490544, -0.008987949703510538, 0.007540305201097993, -0.002460456955513828]
  rows: 1
distortion_model: equidistant
image_height: 1080
image_width: 1440
projection_matrix:
  cols: 4
  data: [698.228093737448, 0.0, 706.118533127436, 0.0, 0.0, 698.6923780502711, 528.3779618548812,
    0.0, 0.0, 0.0, 1.0, 0.0]
  rows: 3
rectification_matrix:
  cols: 3
  data: [1.0, 0.0, 0.0, 0.0, 1.0, 0.0, 0.0, 0.0, 1.0]
  rows: 3
rostopic: /gt_box/alphasense_driver_node/cam4
