#Calibration program comments:2024-11-05-20-54-25
camera_matrix:
  cols: 3
  data: [696.6975165576882, 0.0, 689.9877040732599, 0.0, 697.2619249738303, 525.3498671572908,
    0.0, 0.0, 1.0]
  rows: 3
distortion_coefficients:
  cols: 4
  data: [-0.04124314323580051, 0.004180130717570689, -0.004371231454720632, 0.001009117848516881]
  rows: 1
distortion_model: equidistant
image_height: 1080
image_width: 1440
projection_matrix:
  cols: 4
  data: [696.6975165576882, 0.0, 689.9877040732599, 0.0, 0.0, 697.2619249738303, 525.3498671572908,
    0.0, 0.0, 0.0, 1.0, 0.0]
  rows: 3
rectification_matrix:
  cols: 3
  data: [1.0, 0.0, 0.0, 0.0, 1.0, 0.0, 0.0, 0.0, 1.0]
  rows: 3
rostopic: /gt_box/alphasense_driver_node/cam5
