#Calibration program comments:2024-11-05-20-54-25
camera_matrix:
  cols: 3
  data: [696.4789031628508, 0.0, 748.5603006428238, 0.0, 696.8588292572571, 553.9312346760224,
    0.0, 0.0, 1.0]
  rows: 3
distortion_coefficients:
  cols: 4
  data: [-0.03817721220628301, -0.00494719418149183, 0.004655557264917595, -0.001902143455825657]
  rows: 1
distortion_model: equidistant
image_height: 1080
image_width: 1440
projection_matrix:
  cols: 4
  data: [696.4789031628508, 0.0, 748.5603006428238, 0.0, 0.0, 696.8588292572571, 553.9312346760224,
    0.0, 0.0, 0.0, 1.0, 0.0]
  rows: 3
rectification_matrix:
  cols: 3
  data: [1.0, 0.0, 0.0, 0.0, 1.0, 0.0, 0.0, 0.0, 1.0]
  rows: 3
rostopic: /gt_box/alphasense_driver_node/cam5
