#Accelerometer
accelerometer_noise_density: 0.0012593921763625943
accelerometer_random_walk: 4.317454918100831e-05

#Gyroscope
gyroscope_noise_density: 0.00020202932517334086
gyroscope_random_walk: 1.8672379701877664e-06

rostopic: '/gt_box/alphasense_driver_node/imu' #Make sure this is correct
update_rate: 200.0 #Make sure this is correct

