#Calibration program comments:2024-11-05-20-54-25
camera_matrix:
  cols: 3
  data: [984.9433741025323, 0.0, 946.7777065751112, 0.0, 985.4455505910377, 637.9568558103242,
    0.0, 0.0, 1.0]
  rows: 3
distortion_coefficients:
  cols: 4
  data: [-0.06063952700440035, 0.003832756045149174, -0.002343718218729439, 0.0004588241383137912]
  rows: 1
distortion_model: equidistant
image_height: 1280
image_width: 1920
projection_matrix:
  cols: 4
  data: [984.9433741025323, 0.0, 946.7777065751112, 0.0, 0.0, 985.4455505910377, 637.9568558103242,
    0.0, 0.0, 0.0, 1.0, 0.0]
  rows: 3
rectification_matrix:
  cols: 3
  data: [1.0, 0.0, 0.0, 0.0, 1.0, 0.0, 0.0, 0.0, 1.0]
  rows: 3
rostopic: /gt_box/hdr_right/image_raw
