# Created using 
camera_matrix:
  cols: 3
  data: [984.8108765606985, 0.0, 948.0299833389848, 0.0, 984.5548499772359, 636.7107836495178,
    0.0, 0.0, 1.0]
  rows: 3
camera_name: hdr_right
distortion_coefficients:
  cols: 4
  data: [-0.05944980037681293, 0.00211175431524659, -0.001421318966532574, 0.0003427352632818362]
  rows: 1
distortion_model: equidistant
image_height: 1280
image_width: 1920
projection_matrix:
  cols: 4
  data: [984.8108765606985, 0.0, 948.0299833389848, 0.0, 0.0, 984.5548499772359, 636.7107836495178,
    0.0, 0.0, 0.0, 1.0, 0.0]
  rows: 3
rectification_matrix:
  cols: 3
  data: [1.0, 0.0, 0.0, 0.0, 1.0, 0.0, 0.0, 0.0, 1.0]
  rows: 3
