# Created using 
camera_matrix:
  cols: 3
  data: [988.8923536280431, 0.0, 943.7591054418368, 0.0, 988.8293478212719, 637.9515648497322,
    0.0, 0.0, 1.0]
  rows: 3
camera_name: hdr_left
distortion_coefficients:
  cols: 4
  data: [-0.06030703659094236, -0.0002728912741566539, 0.001678775877231905, -0.0008128418589013854]
  rows: 1
distortion_model: equidistant
image_height: 1280
image_width: 1920
projection_matrix:
  cols: 4
  data: [988.8923536280431, 0.0, 943.7591054418368, 0.0, 0.0, 988.8293478212719, 637.9515648497322,
    0.0, 0.0, 0.0, 1.0, 0.0]
  rows: 3
rectification_matrix:
  cols: 3
  data: [1.0, 0.0, 0.0, 0.0, 1.0, 0.0, 0.0, 0.0, 1.0]
  rows: 3
