#Calibration program comments:2024-11-05-20-54-25
camera_matrix:
  cols: 3
  data: [982.4907038912463, 0.0, 951.7254062248031, 0.0, 981.9936399334083, 639.7991500814815,
    0.0, 0.0, 1.0]
  rows: 3
distortion_coefficients:
  cols: 4
  data: [-0.05883934975647648, 0.003217093568873098, -0.003542963213851782, 0.001146163362562138]
  rows: 1
distortion_model: equidistant
image_height: 1280
image_width: 1920
projection_matrix:
  cols: 4
  data: [982.4907038912463, 0.0, 951.7254062248031, 0.0, 0.0, 981.9936399334083, 639.7991500814815,
    0.0, 0.0, 0.0, 1.0, 0.0]
  rows: 3
rectification_matrix:
  cols: 3
  data: [1.0, 0.0, 0.0, 0.0, 1.0, 0.0, 0.0, 0.0, 1.0]
  rows: 3
rostopic: /gt_box/hdr_front/image_raw
