#Calibration program comments:2024-11-05-20-54-25
camera_matrix:
  cols: 3
  data: [986.8717952606921, 0.0, 942.8130550579627, 0.0, 987.1986903279607, 640.9132496389886,
    0.0, 0.0, 1.0]
  rows: 3
distortion_coefficients:
  cols: 4
  data: [-0.06212886512952819, 0.008746189517552717, -0.009028855904185933, 0.003147128453983599]
  rows: 1
distortion_model: equidistant
image_height: 1280
image_width: 1920
projection_matrix:
  cols: 4
  data: [986.8717952606921, 0.0, 942.8130550579627, 0.0, 0.0, 987.1986903279607, 640.9132496389886,
    0.0, 0.0, 0.0, 1.0, 0.0]
  rows: 3
rectification_matrix:
  cols: 3
  data: [1.0, 0.0, 0.0, 0.0, 1.0, 0.0, 0.0, 0.0, 1.0]
  rows: 3
rostopic: /gt_box/hdr_left/image_raw
