#Calibration program comments:2024-11-05-20-54-25
camera_matrix:
  cols: 3
  data: [984.9022123218896, 0.0, 946.9359256268845, 0.0, 985.2791865228608, 638.145633898203,
    0.0, 0.0, 1.0]
  rows: 3
distortion_coefficients:
  cols: 4
  data: [-0.06006169102279024, 0.002369126849386146, -0.0009685332174480661, 6.411533854429054e-06]
  rows: 1
distortion_model: equidistant
image_height: 1280
image_width: 1920
projection_matrix:
  cols: 4
  data: [984.9022123218896, 0.0, 946.9359256268845, 0.0, 0.0, 985.2791865228608, 638.145633898203,
    0.0, 0.0, 0.0, 1.0, 0.0]
  rows: 3
rectification_matrix:
  cols: 3
  data: [1.0, 0.0, 0.0, 0.0, 1.0, 0.0, 0.0, 0.0, 1.0]
  rows: 3
rostopic: /gt_box/hdr_right/image_raw
