# Created using 
camera_matrix:
  cols: 3
  data: [988.9032668287883, 0.0, 943.7610293419009, 0.0, 988.8389268301031, 637.9507018827538,
    0.0, 0.0, 1.0]
  rows: 3
camera_name: hdr_left
distortion_coefficients:
  cols: 4
  data: [-0.06032840433344838, -0.0002366168999947844, 0.001647358267562969, -0.0008027475861239494]
  rows: 1
distortion_model: equidistant
image_height: 1280
image_width: 1920
projection_matrix:
  cols: 4
  data: [988.9032668287883, 0.0, 943.7610293419009, 0.0, 0.0, 988.8389268301031, 637.9507018827538,
    0.0, 0.0, 0.0, 1.0, 0.0]
  rows: 3
rectification_matrix:
  cols: 3
  data: [1.0, 0.0, 0.0, 0.0, 1.0, 0.0, 0.0, 0.0, 1.0]
  rows: 3
