#Calibration program comments:2024-11-05-20-54-25
camera_matrix:
  cols: 3
  data: [982.4387800598246, 0.0, 951.3582535310836, 0.0, 981.8022190504573, 640.5272366614189,
    0.0, 0.0, 1.0]
  rows: 3
distortion_coefficients:
  cols: 4
  data: [-0.05935144429253096, 0.004734393938204737, -0.004806977547360192, 0.001514825591941826]
  rows: 1
distortion_model: equidistant
image_height: 1280
image_width: 1920
projection_matrix:
  cols: 4
  data: [982.4387800598246, 0.0, 951.3582535310836, 0.0, 0.0, 981.8022190504573, 640.5272366614189,
    0.0, 0.0, 0.0, 1.0, 0.0]
  rows: 3
rectification_matrix:
  cols: 3
  data: [1.0, 0.0, 0.0, 0.0, 1.0, 0.0, 0.0, 0.0, 1.0]
  rows: 3
rostopic: /gt_box/hdr_front/image_raw
