#Calibration program comments:2024-11-05-20-54-25
camera_matrix:
  cols: 3
  data: [986.4772941771449, 0.0, 942.1478636682712, 0.0, 986.5603191014281, 640.0804050609539,
    0.0, 0.0, 1.0]
  rows: 3
distortion_coefficients:
  cols: 4
  data: [-0.0613487647594915, 0.007013713629352375, -0.007101123341098681, 0.002535812479595701]
  rows: 1
distortion_model: equidistant
image_height: 1280
image_width: 1920
projection_matrix:
  cols: 4
  data: [986.4772941771449, 0.0, 942.1478636682712, 0.0, 0.0, 986.5603191014281, 640.0804050609539,
    0.0, 0.0, 0.0, 1.0, 0.0]
  rows: 3
rectification_matrix:
  cols: 3
  data: [1.0, 0.0, 0.0, 0.0, 1.0, 0.0, 0.0, 0.0, 1.0]
  rows: 3
rostopic: /gt_box/hdr_left/image_raw
