# Created using 
camera_matrix:
  cols: 3
  data: [985.4988959683002, 0.0, 951.7951540236218, 0.0, 985.0345259264463, 638.1277851270817,
    0.0, 0.0, 1.0]
  rows: 3
camera_name: hdr_front
distortion_coefficients:
  cols: 4
  data: [-0.06128735464895917, 0.002519967603127806, -0.0004234411942798146, -0.0001813813666995525]
  rows: 1
distortion_model: equidistant
image_height: 1280
image_width: 1920
projection_matrix:
  cols: 4
  data: [985.4988959683002, 0.0, 951.7951540236218, 0.0, 0.0, 985.0345259264463, 638.1277851270817,
    0.0, 0.0, 0.0, 1.0, 0.0]
  rows: 3
rectification_matrix:
  cols: 3
  data: [1.0, 0.0, 0.0, 0.0, 1.0, 0.0, 0.0, 0.0, 1.0]
  rows: 3
