#Calibration program comments:#Generated with data of ROS time: 2024-11-10 20:28:04.856192133
camera_matrix:
  cols: 3
  data: [980.0180626953028, 0.0, 952.1174442363357, 0.0, 980.0365473997786, 639.3542006786158,
    0.0, 0.0, 1.0]
  rows: 3
distortion_coefficients:
  cols: 4
  data: [-0.05953556706847572, 0.005762458053253421, -0.005995751935293936, 0.002083476137376189]
  rows: 1
distortion_model: equidistant
image_height: 1280
image_width: 1920
projection_matrix:
  cols: 4
  data: [980.0180626953028, 0.0, 952.1174442363357, 0.0, 0.0, 980.0365473997786, 639.3542006786158,
    0.0, 0.0, 0.0, 1.0, 0.0]
  rows: 3
rectification_matrix:
  cols: 3
  data: [1.0, 0.0, 0.0, 0.0, 1.0, 0.0, 0.0, 0.0, 1.0]
  rows: 3
rostopic: /gt_box/hdr_front/image_raw
