#Accelerometer
accelerometer_noise_density: 0.00011342219135615652
accelerometer_random_walk: 2.266045767910792e-06

#Gyroscope
gyroscope_noise_density: 8.992407693407532e-05
gyroscope_random_walk: 4.968451356558349e-06

rostopic: '/gt_box/stim320/imu' #Make sure this is correct
update_rate: 500.0 #Make sure this is correct

